lambda    = -999.
mr        = -999.
mi        = -999.
dist_type = none
a1        = -999.
a2        = -999.
a3        = -999.
a4        = -999.
a5        = -999.
r1        = -999.
r2        = -999.
n_int1    = 0
n_int2    = 0
n_quad    = 0
norm      = -999.
reff      = -999.
veff      = -999.
gavg      = -999.
vavg      = -999.
ravg      = -999.
rvw       = -999.
cext      = -999.
csca      = -999.
cbak      = -999.
g         = -999.
3
1.000000e+00 0.000000e+00 0.000000e+00 0.000000e+00 0.000000e+00 0.000000e+00 
0.000000e+00 0.000000e+00 0.000000e+00 1.399371e+00 0.000000e+00 0.000000e+00 
4.798741e-01 2.879245e+00 0.000000e+00 0.000000e+00 1.175447e+00 0.000000e+00 
